909 310
909 99
576 618
910 818
419 282
419 418
419 803
419 898
419 940
420 960
109 595
421 285
577 384
267 747
267 907
422 948
422 32
422 373
422 676
268 572
268 608
268 752
578 431
578 951
578 886
578 21
578 211
578 811
269 629
755 273
755 115
755 887
755 104
755 113
755 117
755 118
755 154
755 170
755 271
755 354
755 374
755 393
755 423
755 468
755 583
755 586
755 596
755 608
755 620
755 690
755 738
755 763
755 780
755 795
755 812
755 875
110 483
110 497
756 316
911 331
911 20
911 66
911 272
911 279
911 299
911 310
911 369
911 429
911 526
911 569
911 749
911 757
911 758
911 933
911 950
757 369
757 526
757 914
757 933
757 121
757 428
616 880
616 767
616 265
616 309
616 430
616 471
616 554
616 603
616 684
616 922
423 273
423 432
423 115
423 763
423 311
423 608
423 957
423 596
423 104
423 113
423 117
423 118
423 170
423 195
423 952
423 271
423 325
423 374
423 393
423 154
423 354
423 468
423 475
423 583
423 586
423 609
423 620
423 690
423 738
423 780
423 795
423 812
423 905
151 205
151 305
151 315
151 462
151 464
151 676
151 691
151 956
151 1023
111 469
111 153
111 194
111 255
111 317
617 951
617 886
617 836
270 165
270 650
270 314
270 697
957 273
957 589
957 34
957 311
957 608
957 829
957 46
957 104
957 113
957 117
957 118
957 170
957 195
957 271
957 325
957 374
957 393
957 468
957 475
957 586
957 596
957 609
957 620
957 690
957 722
957 738
957 795
957 905
957 952
317 172
317 264
317 362
317 153
579 796
579 281
579 330
579 369
579 764
579 871
579 134
579 28
579 960
579 488
579 522
579 951
579 442
579 949
579 913
579 932
424 836
424 4
912 432
912 783
912 880
912 1005
958 132
958 318
958 119
958 150
958 348
958 472
958 563
958 953
958 988
467 959
467 850
467 1014
467 518
467 29
467 194
467 753
467 784
618 668
618 149
618 439
618 794
152 353
152 470
271 273
271 115
271 763
271 311
271 608
271 596
271 104
271 113
271 117
271 118
271 170
271 195
271 952
271 154
271 325
271 354
271 374
271 393
271 468
271 475
271 583
271 586
271 609
271 620
271 690
271 738
271 780
271 795
271 812
271 905
0 951
0 526
318 665
318 146
318 458
318 569
318 647
318 953
468 273
468 115
468 763
468 311
468 608
468 596
468 104
468 113
468 117
468 118
468 170
468 195
468 952
468 325
468 374
468 393
468 154
468 354
468 475
468 583
468 586
468 609
468 620
468 690
468 738
468 780
468 795
468 812
468 905
580 310
580 320
913 871
913 994
913 992
913 221
913 116
913 222
913 307
758 950
758 512
758 476
758 77
758 279
758 623
914 431
914 502
914 526
914 503
914 280
914 338
914 429
914 933
469 749
469 550
469 145
469 965
469 198
469 11
469 148
469 155
469 194
469 255
469 499
469 544
469 759
469 761
469 802
469 870
153 276
153 591
959 652
959 7
959 100
959 288
959 340
959 725
959 753
959 850
959 1047
154 273
154 115
154 763
154 608
154 596
154 104
154 113
154 117
154 118
154 170
154 374
154 393
154 586
154 620
154 690
154 738
154 795
154 354
154 583
154 780
154 812
1 124
1 855
1 553
1 504
1 246
112 676
112 385
112 275
915 316
915 73
581 124
581 493
581 166
581 726
581 799
581 364
581 84
581 126
581 345
581 346
581 449
581 474
581 479
581 520
581 529
581 582
581 619
581 748
581 760
581 857
619 726
619 799
319 124
319 136
620 273
620 115
620 763
620 311
620 608
620 596
620 104
620 113
620 117
620 118
620 170
620 195
620 952
620 325
620 374
620 393
620 475
620 586
620 609
620 354
620 583
620 690
620 738
620 780
620 795
620 812
620 905
113 273
113 115
113 763
113 311
113 608
113 596
113 104
113 117
113 118
113 170
113 195
113 325
113 354
113 374
113 393
113 475
113 583
113 586
113 609
113 690
113 738
113 780
113 795
113 812
113 905
113 952
759 148
418 181
418 989
418 186
916 310
916 99
760 395
760 700
760 346
760 59
760 301
760 345
760 582
760 660
761 148
761 11
761 155
320 803
320 137
320 764
320 310
320 125
320 411
320 588
320 644
320 765
320 963
320 964
583 273
583 115
583 763
583 608
583 596
583 104
583 117
583 118
583 170
583 374
583 393
583 586
583 690
583 738
583 795
583 354
583 780
583 812
582 346
582 345
470 163
470 339
470 9
470 353
470 797
272 14
272 316
272 150
272 429
272 466
762 124
762 191
762 210
762 273
762 425
584 145
584 219
584 733
584 816
584 30
584 76
584 136
584 608
584 688
471 265
471 309
471 603
471 684
585 743
585 537
585 150
585 459
585 143
585 1021
2 281
2 123
2 384
2 989
2 141
2 145
2 230
2 168
2 169
2 378
2 444
2 445
2 541
2 587
2 661
2 663
2 675
2 769
2 789
2 816
2 889
2 973
621 147
621 993
621 885
621 25
621 539
621 922
621 936
3 803
3 137
3 764
3 940
3 11
763 273
763 115
763 887
763 482
763 104
763 117
763 118
763 170
763 354
763 374
763 393
763 586
763 596
763 608
763 690
763 738
763 780
763 795
763 812
960 281
960 161
960 296
960 349
960 357
960 360
960 365
960 445
960 705
960 768
960 771
960 772
960 942
960 1040
425 273
425 9
425 744
961 331
961 313
961 351
961 662
961 176
426 181
426 342
426 622
426 103
426 385
426 838
622 181
622 342
622 593
622 991
321 676
427 124
427 610
962 199
962 704
962 364
4 656
4 836
4 606
472 132
472 917
472 127
472 563
472 348
472 456
273 104
273 115
273 117
273 118
273 170
273 195
273 311
273 325
273 354
273 374
273 393
273 475
273 586
273 596
273 608
273 609
273 690
273 738
273 780
273 795
273 812
273 832
273 905
273 952
155 821
155 198
155 11
155 499
623 77
473 431
473 818
473 44
473 211
473 428
473 839
5 149
5 274
274 971
274 349
274 926
964 278
964 803
964 137
964 1008
964 8
964 13
964 853
964 105
964 125
964 492
964 588
964 74
964 135
964 156
964 157
964 287
964 332
964 388
964 477
964 481
964 595
964 677
964 682
964 766
964 814
964 826
964 930
964 984
428 431
428 211
428 839
275 676
275 385
114 294
114 323
114 510
114 626
114 673
114 685
114 918
799 493
799 726
799 787
799 41
799 474
799 700
799 928
799 976
799 1035
474 493
115 192
115 893
115 104
115 117
115 118
115 170
115 354
115 374
115 393
115 586
115 596
115 608
115 690
115 738
115 780
115 795
115 812
115 875
800 199
800 342
276 591
156 278
156 803
156 1008
156 8
156 13
156 853
156 125
156 588
156 74
156 135
156 287
156 332
156 388
156 477
156 481
156 595
156 677
156 682
156 730
156 766
156 814
156 826
156 930
156 984
157 278
157 803
157 1008
157 8
157 13
157 853
157 125
157 588
157 814
157 930
157 595
157 766
157 677
157 984
157 74
157 388
157 826
157 477
157 135
157 287
157 332
157 481
157 682
158 322
158 716
158 9
158 460
158 702
322 9
322 12
322 244
322 365
322 434
322 453
322 460
322 559
322 595
322 702
322 943
475 608
475 596
475 104
475 117
475 118
475 170
475 195
475 952
475 325
475 374
475 393
475 586
475 609
475 690
475 738
475 795
475 905
586 311
586 608
586 596
586 104
586 117
586 118
586 170
586 195
586 952
586 325
586 374
586 393
586 354
586 609
586 690
586 738
586 780
586 795
586 812
586 905
277 124
277 108
277 454
965 542
965 493
965 899
965 502
965 159
965 494
965 550
965 68
965 129
965 247
965 335
965 359
965 367
965 544
965 571
587 123
587 384
587 989
587 230
587 168
587 169
587 663
587 444
587 541
587 769
587 789
587 973
764 803
764 11
764 13
764 22
764 39
764 63
764 125
764 164
764 284
764 388
764 447
764 452
764 477
764 488
764 514
764 523
764 595
764 625
764 630
764 826
764 938
764 984
323 510
323 673
323 1024
624 239
624 304
476 512
476 175
476 435
476 969
116 871
116 283
116 951
116 222
801 124
801 974
801 1034
801 741
159 542
159 493
159 485
159 899
159 58
159 160
159 247
159 391
159 494
159 599
159 627
159 651
160 6
160 632
766 278
766 803
766 1008
766 8
766 13
766 853
766 125
766 588
766 245
766 814
766 930
766 595
766 74
766 135
766 287
766 332
766 388
766 477
766 481
766 487
766 677
766 682
766 826
766 984
278 174
278 15
278 8
278 13
278 74
278 125
278 135
278 197
278 281
278 287
278 332
278 370
278 388
278 448
278 477
278 481
278 484
278 588
278 595
278 653
278 677
278 682
278 803
278 814
278 826
278 853
278 908
278 930
278 935
278 984
278 1008
429 316
429 502
429 503
429 442
429 81
429 101
429 133
429 150
429 463
429 656
429 773
429 825
429 953
429 1044
588 803
588 137
588 1008
588 8
588 395
588 13
588 853
588 105
588 125
588 492
588 18
588 74
588 135
588 187
588 282
588 287
588 332
588 388
588 477
588 481
588 595
588 677
588 682
588 814
588 826
588 894
588 930
588 940
588 984
802 148
966 432
966 531
767 554
279 950
117 311
117 608
117 596
117 104
117 118
117 170
117 195
117 325
117 354
117 374
117 393
117 609
117 690
117 738
117 780
117 795
117 812
117 905
117 952
430 880
430 922
430 85
430 521
118 311
118 608
118 596
118 104
118 170
118 195
118 325
118 354
118 374
118 393
118 609
118 690
118 738
118 780
118 795
118 812
118 905
118 952
119 132
162 526
162 776
6 34
6 89
6 240
6 285
6 506
6 631
6 632
6 861
6 941
625 39
625 452
477 803
477 1008
477 8
477 13
477 853
477 125
477 814
477 930
477 595
477 298
477 677
477 984
477 74
477 388
477 826
477 135
477 164
477 287
477 332
477 410
477 481
477 556
477 682
477 938
280 50
280 440
280 605
280 667
478 314
478 535
478 968
589 139
589 34
589 46
589 64
589 722
589 866
589 1046
120 687
120 177
120 522
120 204
120 707
120 438
120 515
120 599
120 670
917 935
917 899
917 502
917 844
917 324
917 326
917 350
917 353
917 398
917 406
917 412
917 433
917 456
917 819
917 920
917 998
917 1000
479 638
479 529
479 684
431 493
431 10
431 21
431 121
431 172
431 211
431 239
431 254
431 338
431 455
431 502
431 547
431 607
431 638
431 818
431 839
431 886
431 927
431 951
431 1005
626 395
918 819
918 26
918 406
324 1000
967 181
967 342
967 791
967 310
967 99
967 411
163 200
163 289
163 316
163 485
163 817
163 880
163 886
163 919
163 955
163 968
590 657
590 316
590 496
590 291
590 450
590 184
590 203
590 536
590 594
590 782
803 8
803 13
803 39
803 42
803 74
803 93
803 105
803 125
803 135
803 137
803 187
803 223
803 282
803 287
803 332
803 356
803 365
803 388
803 395
803 481
803 492
803 523
803 595
803 677
803 682
803 733
803 814
803 826
803 853
803 894
803 898
803 930
803 934
803 940
803 979
803 984
803 1008
968 535
968 314
325 608
325 596
325 104
325 170
325 195
325 952
325 374
325 393
325 609
325 690
325 738
325 795
325 905
164 125
164 595
164 984
164 388
164 826
769 123
769 384
769 989
769 230
769 168
769 169
769 663
769 444
769 541
769 789
769 973
770 1018
770 788
121 333
121 502
121 149
7 628
7 249
7 100
7 220
7 235
7 602
7 642
7 793
7 813
7 1047
804 1014
804 365
969 531
805 465
771 296
771 737
771 1041
165 592
480 41
480 96
480 206
480 401
480 449
480 703
480 1018
281 174
281 15
281 10
281 24
281 123
281 168
281 224
281 384
281 448
281 484
281 653
281 654
281 675
281 903
281 930
281 935
281 937
432 145
432 122
432 465
432 531
432 783
432 880
432 947
432 954
481 1008
481 8
481 13
481 853
481 125
481 814
481 930
481 595
481 677
481 984
481 74
481 388
481 826
481 135
481 287
481 332
481 682
122 145
970 369
970 352
806 199
806 38
806 290
8 1008
8 13
8 74
8 125
8 135
8 287
8 332
8 388
8 595
8 677
8 682
8 814
8 826
8 853
8 930
8 984
326 844
326 819
326 398
326 444
326 549
433 920
772 445
971 316
971 349
327 194
327 297
327 851
327 1014
434 559
627 97
627 106
627 58
627 599
627 923
920 1033
920 945
920 302
920 634
920 822
920 999
773 234
773 508
773 1044
628 600
628 100
628 249
628 642
628 1047
328 436
328 86
328 213
328 566
807 369
807 97
807 106
807 808
807 79
807 48
807 49
807 61
807 810
807 811
482 887
482 17
482 692
482 708
482 870
166 140
166 865
166 997
435 175
123 174
123 935
123 10
123 168
123 169
123 230
123 384
123 414
123 444
123 541
123 629
123 661
123 663
123 789
123 846
123 854
123 973
123 989
808 177
808 775
808 49
808 809
808 810
808 811
629 358
629 390
629 639
629 778
629 846
629 977
167 124
167 1018
167 560
9 702
9 131
9 460
9 244
9 353
9 519
9 744
9 779
9 921
592 128
592 171
592 349
592 879
921 353
809 438
809 565
809 845
922 880
922 147
922 993
922 885
922 25
922 539
922 936
329 310
329 525
10 43
10 168
10 207
10 341
10 414
10 604
10 972
972 80
972 207
972 341
972 604
774 463
973 384
973 989
973 230
973 168
973 169
973 663
973 444
973 541
973 789
282 137
282 395
282 125
282 898
282 940
282 677
282 209
282 223
282 505
282 830
593 522
593 363
593 991
974 377
974 741
974 832
923 97
923 106
436 709
436 566
436 1029
975 522
975 295
975 896
975 366
975 201
483 614
483 16
483 640
483 1018
437 534
437 598
484 174
484 15
484 448
484 653
484 935
594 291
594 203
594 782
168 573
168 935
168 384
168 989
168 134
168 230
168 169
168 444
168 541
168 663
168 789
776 526
776 355
169 174
169 384
169 989
169 230
169 444
169 541
169 663
169 789
630 22
630 633
630 659
630 754
630 777
630 858
438 177
438 565
438 845
631 89
631 632
777 754
924 199
924 342
924 47
924 1020
170 311
170 608
170 596
170 104
170 195
170 354
170 374
170 393
170 609
170 690
170 738
170 780
170 795
170 812
170 905
170 952
283 731
283 995
283 1011
124 136
124 148
124 191
124 219
124 246
124 247
124 490
124 500
124 534
124 553
124 560
124 561
124 610
124 827
124 872
124 949
124 951
124 1018
124 1031
124 1032
124 1034
330 53
330 138
330 720
330 980
439 149
595 1008
595 13
595 853
595 125
595 814
595 930
595 453
595 365
595 74
595 135
595 287
595 332
595 388
595 441
595 495
595 677
595 682
595 826
595 943
595 984
171 349
171 714
171 54
331 176
331 313
284 23
596 311
596 608
596 104
596 195
596 354
596 374
596 393
596 609
596 690
596 738
596 780
596 795
596 812
596 905
596 952
779 376
779 897
11 174
11 15
11 295
11 646
11 898
11 501
11 514
11 663
11 677
11 849
11 881
979 677
285 632
285 34
285 36
285 658
285 862
285 1027
485 292
485 62
485 311
485 335
485 651
485 832
780 608
780 104
780 374
780 393
780 690
780 738
780 795
780 354
780 812
486 199
286 949
440 605
440 667
925 199
925 645
287 1008
287 13
287 853
287 125
287 814
287 930
287 677
287 984
287 74
287 388
287 826
287 135
287 332
287 682
332 1008
332 13
332 853
332 125
332 814
332 930
332 677
332 984
332 74
332 388
332 826
332 135
332 682
441 495
441 388
441 826
125 137
125 1008
125 523
125 395
125 13
125 853
125 105
125 39
125 74
125 135
125 365
125 388
125 492
125 677
125 682
125 733
125 814
125 826
125 930
125 934
125 984
926 257
926 491
812 608
812 104
812 374
812 393
812 690
812 738
812 795
812 354
781 316
632 89
632 34
632 308
632 506
908 371
908 388
908 370
908 183
908 293
908 336
908 532
908 852
908 981
908 985
442 369
442 131
442 221
442 245
442 313
442 656
442 949
980 871
980 60
980 790
980 306
980 361
980 407
980 567
980 655
980 834
782 291
782 203
126 136
126 191
783 880
981 370
981 293
981 336
981 852
981 532
981 183
981 985
172 149
172 264
172 362
172 823
172 927
289 200
784 1014
784 194
784 29
488 28
488 80
488 227
488 636
488 701
488 932
488 990
127 361
127 563
489 955
489 218
333 796
333 369
333 334
333 347
333 387
333 540
333 669
333 786
333 955
927 264
927 362
290 199
173 199
785 687
785 846
785 376
785 12
928 494
928 31
928 575
597 254
597 205
597 315
597 511
597 678
597 681
597 986
633 1007
633 252
633 128
633 659
633 1028
490 500
490 498
490 1031
929 457
929 944
982 316
982 522
983 949
443 683
443 198
443 216
443 538
443 635
443 637
443 685
443 728
12 376
12 702
12 1045
12 1038
598 534
291 657
291 669
291 203
786 821
786 824
786 149
786 257
786 347
128 300
128 729
174 15
174 236
174 310
174 448
174 501
174 653
174 663
174 935
634 945
634 822
634 999
129 571
130 459
130 143
130 1021
293 370
293 183
293 336
293 532
293 852
293 985
930 369
930 1008
930 13
930 853
930 814
930 24
930 74
930 135
930 388
930 677
930 682
930 730
930 826
930 984
984 1008
984 13
984 853
984 814
984 389
984 677
984 74
984 135
984 388
984 410
984 556
984 682
984 826
984 1037
931 199
931 342
599 493
599 614
599 62
599 337
599 69
599 98
599 226
599 261
599 666
599 674
599 715
492 13
492 853
492 105
13 1008
13 39
13 74
13 105
13 135
13 187
13 356
13 388
13 677
13 682
13 814
13 826
13 853
13 940
444 384
444 989
444 230
444 819
444 663
444 541
444 789
294 685
788 1018
635 683
335 68
335 544
176 313
985 336
985 852
985 532
985 183
789 384
789 989
789 230
789 663
789 541
445 661
295 522
295 349
295 514
295 819
295 898
295 987
295 992
296 791
296 179
131 369
131 94
131 231
131 363
131 522
131 706
131 751
131 949
814 1008
814 384
814 853
814 26
814 45
814 74
814 92
814 135
814 233
814 258
814 383
814 388
814 404
814 517
814 677
814 682
814 694
814 699
814 735
814 792
814 819
814 826
814 1004
814 1016
814 1019
986 254
986 661
986 820
986 867
987 840
987 522
493 542
493 58
493 62
493 494
493 571
493 614
493 899
600 180
600 376
600 518
600 523
600 878
14 402
14 466
14 944
446 548
446 534
446 457
446 70
446 1039
447 826
447 938
447 514
932 28
298 132
298 381
298 833
989 181
989 384
989 230
989 541
989 663
132 348
132 381
132 1013
933 299
933 526
933 20
933 66
601 181
601 199
601 891
15 448
15 653
15 935
638 547
638 254
638 1005
603 265
603 309
603 684
602 793
990 28
990 80
990 227
336 370
336 183
336 532
336 852
934 137
934 365
934 389
815 369
337 33
337 696
816 145
816 73
816 889
448 653
448 935
992 994
992 307
639 857
639 946
640 16
604 207
604 341
16 902
494 58
494 178
494 256
494 382
494 558
936 147
936 993
936 885
936 25
936 539
935 653
935 384
935 451
935 509
935 723
935 749
177 695
177 49
177 79
177 186
177 538
177 544
177 677
177 843
177 939
605 667
641 526
641 19
299 414
299 863
299 67
299 20
299 57
299 66
299 303
299 526
299 669
299 683
299 842
299 864
299 1026
643 886
993 147
993 25
993 539
993 885
449 364
449 41
133 496
133 656
18 894
791 181
791 342
791 411
791 942
450 657
450 496
938 217
938 826
938 514
495 411
495 563
495 352
495 388
495 826
606 656
179 523
301 346
301 660
939 695
644 570
644 310
644 411
792 1016
496 657
20 526
20 66
339 102
339 353
451 182
21 211
21 239
302 1033
819 384
819 824
819 26
819 74
819 233
819 263
819 648
340 902
134 573
134 1008
134 527
497 562
497 951
497 560
497 561
497 837
647 665
647 569
994 712
994 871
994 307
646 413
646 831
135 1008
135 853
135 677
135 74
135 388
135 826
135 682
608 238
608 572
608 30
608 311
608 752
608 76
608 104
608 195
608 354
608 374
608 393
608 609
608 690
608 738
608 795
608 829
608 905
608 952
609 104
609 195
609 952
609 374
609 393
609 690
609 738
609 795
609 905
649 373
649 676
452 523
452 39
136 219
136 534
136 238
136 688
136 191
341 207
498 868
498 996
500 375
500 1002
500 1031
940 137
940 821
940 898
940 187
940 42
303 1026
942 705
342 181
342 199
342 47
342 56
342 75
342 83
342 228
342 232
342 394
342 1020
137 39
137 93
137 223
137 365
137 523
137 677
137 898
501 408
501 613
501 663
453 365
453 826
453 943
24 996
996 78
343 316
25 147
25 885
25 539
344 353
454 502
304 531
304 194
304 239
653 52
26 74
26 415
345 346
821 42
821 149
821 550
821 824
821 1006
27 872
27 149
27 257
943 365
655 510
181 87
181 147
181 199
181 241
181 266
181 740
944 457
944 402
139 256
139 237
139 544
139 612
139 866
822 945
822 999
305 676
945 999
997 140
997 828
306 871
306 60
611 310
183 370
183 852
183 532
656 101
656 528
613 408
613 663
307 196
307 372
308 506
141 250
141 547
141 893
946 857
502 316
502 503
502 825
502 887
502 953
502 1005
142 880
823 264
823 362
456 724
456 672
456 680
346 671
346 395
346 835
346 713
346 700
346 59
346 660
346 693
657 47
657 417
657 669
347 955
28 35
28 80
28 184
28 227
28 390
28 516
28 742
28 1022
658 513
658 36
658 862
658 1027
184 573
184 316
184 67
184 390
184 185
184 565
184 689
824 316
824 550
824 149
824 397
824 400
29 1014
29 194
185 516
185 565
1001 369
826 1008
826 853
826 365
826 677
826 74
826 388
826 514
826 682
826 1043
186 843
504 855
504 543
661 190
661 378
505 677
1002 375
1002 733
1002 1003
187 42
188 871
188 522
506 861
506 240
662 351
189 893
189 145
663 384
663 230
663 541
664 1014
507 953
507 710
507 1030
665 569
665 1009
30 145
30 733
30 76
827 949
827 51
827 1012
350 1005
508 234
508 208
190 574
190 225
191 148
191 193
191 210
191 721
509 1010
509 859
192 863
192 893
510 718
510 673
1003 375
193 530
193 721
31 546
31 575
31 717
352 411
352 245
32 948
511 40
511 262
511 572
511 877
511 1017
33 696
830 677
830 381
1004 74
948 369
948 316
948 313
948 373
948 676
948 1015
194 1014
194 531
194 239
194 255
353 519
353 797
195 104
195 374
195 393
195 690
195 738
195 795
195 905
195 952
513 1027
668 37
668 259
668 391
668 883
668 884
949 369
949 221
949 245
949 313
354 104
354 374
354 393
354 690
354 738
354 795
1005 550
1005 254
1005 887
1005 405
34 46
34 722
831 212
831 412
831 551
196 372
515 72
515 555
832 62
832 311
356 853
36 1027
36 862
669 387
669 733
1007 686
143 150
143 459
143 1021
35 60
35 750
670 204
309 265
309 684
835 671
836 951
836 886
836 144
38 860
837 748
671 78
671 545
671 857
951 526
951 615
951 886
951 904
1008 74
1008 388
1008 411
1008 677
1008 682
1008 853
952 311
952 104
952 374
952 393
952 690
952 738
952 795
952 905
839 211
39 523
672 724
672 680
457 466
457 533
198 216
198 685
198 955
310 573
310 99
310 236
310 411
674 715
795 311
795 104
795 374
795 393
795 690
795 738
795 905
40 71
40 215
40 262
40 403
40 841
40 877
840 687
840 522
675 847
41 364
41 1035
41 700
520 876
520 100
520 251
520 748
520 857
361 900
361 563
676 573
676 316
676 464
676 373
676 385
676 462
676 691
676 895
953 369
953 458
953 146
842 679
362 149
362 264
199 75
199 316
199 891
458 146
43 204
145 893
145 316
145 73
145 149
145 312
145 889
45 1016
45 92
45 404
45 694
363 706
363 94
46 722
522 796
522 687
522 871
522 567
522 706
522 707
202 850
202 88
677 395
677 853
677 898
677 544
677 74
677 223
677 388
677 682
677 849
677 869
677 881
844 65
844 398
364 704
364 380
678 254
678 205
678 315
678 462
678 681
365 384
845 565
205 254
205 956
205 315
205 681
846 376
846 702
680 724
311 62
311 104
311 374
311 690
311 738
681 315
681 462
312 214
312 954
796 573
796 369
682 853
682 74
682 388
523 248
47 394
47 1020
48 79
524 369
524 1025
366 896
313 369
313 316
313 221
313 222
459 150
459 727
459 848
459 1021
847 95
314 535
314 697
848 727
367 395
49 700
208 234
526 369
526 66
526 569
850 88
368 573
368 369
368 900
1016 92
1016 694
529 882
683 749
683 57
683 260
147 87
147 539
147 885
209 898
1018 560
954 465
954 214
1019 735
211 239
684 265
53 53
852 532
212 551
54 714
531 239
1021 150
532 370
533 466
460 702
686 376
853 74
853 105
853 388
534 219
55 369
461 465
369 221
369 222
369 245
369 257
369 316
369 379
369 416
369 550
369 569
369 1025
854 711
1023 462
213 566
56 390
214 978
687 707
315 254
315 956
57 414
688 872
688 219
688 247
537 743
537 698
217 716
1026 67
1027 862
690 104
690 374
690 393
690 738
690 905
691 464
691 462
539 885
60 871
541 384
541 230
462 464
855 553
855 564
855 868
692 708
692 870
1029 709
694 92
370 388
370 711
370 856
370 888
1030 710
220 235
542 571
542 899
221 316
695 79
857 78
857 748
374 104
374 393
374 738
374 905
222 871
222 316
223 898
62 76
62 229
62 243
62 544
62 553
858 546
858 719
858 747
699 74
698 743
698 739
225 574
225 253
227 80
64 745
544 256
544 68
544 253
544 386
544 557
544 700
544 869
544 901
544 1035
376 702
376 732
376 897
377 880
230 414
230 384
700 1035
700 1042
233 74
233 258
233 383
383 258
316 891
316 73
316 149
316 150
316 257
316 396
316 397
316 412
316 463
316 798
316 895
67 864
382 893
382 1036
546 717
702 1045
861 552
861 240
234 895
1036 893
384 74
384 91
1037 389
548 892
548 1039
386 901
706 94
68 237
68 253
68 708
68 870
956 464
388 74
864 573
864 414
707 891
1041 737
708 870
237 865
237 256
237 253
237 902
865 253
709 880
389 82
72 555
1045 242
711 888
1046 90
712 871
73 148
1047 249
1047 100
148 726
713 107
390 564
550 247
550 399
550 412
550 568
550 873
550 874
75 882
75 260
715 98
869 253
869 736
76 553
391 392
393 104
393 738
393 905
245 149
553 890
872 149
872 257
720 737
556 410
873 399
81 150
247 561
558 734
397 412
249 100
723 749
399 413
726 748
726 887
877 262
877 572
880 886
566 86
882 260
567 746
253 574
253 256
253 902
883 884
883 259
570 409
738 104
738 905
886 904
149 891
149 257
149 264
411 99
97 106
572 752
572 907
887 266
412 413
100 906
263 898
104 905
