884 6
884 543
917 15
917 24
917 26
917 100
917 204
917 287
917 825
917 989
918 11
918 14
918 22
918 63
918 150
918 428
1058 1
1058 518
1058 914
1058 1017
1058 1042
1058 1061
1058 1062
1059 0
1059 159
1059 739
1059 879
1059 1060
0 8
0 381
0 888
0 942
885 18
885 164
885 379
885 945
885 1056
886 19
886 625
1 14
1 99
1 152
1 345
1 495
1 675
1 677
1060 1057
1060 532
1060 924
1060 1064
1060 1065
2 77
2 933
2 940
2 974
2 998
3 89
3 143
3 628
3 889
3 934
3 1050
887 31
887 200
887 594
887 890
887 916
887 928
1063 200
1063 1011
1063 1066
919 913
919 7
919 113
919 181
4 605
4 698
4 881
4 996
920 908
921 908
921 6
921 58
921 62
921 113
921 152
921 153
921 288
921 495
5 185
5 628
5 614
5 709
888 35
888 163
888 423
888 595
888 945
888 992
922 192
922 237
922 606
922 628
922 1006
6 213
6 262
6 9
6 10
6 14
6 22
6 95
6 101
6 121
6 132
6 141
6 147
6 151
6 204
6 336
6 475
6 480
6 575
6 699
6 821
6 896
6 904
6 929
6 968
6 1037
7 9
7 11
7 12
7 13
7 111
7 131
7 149
7 14
7 26
7 57
7 101
7 121
7 147
7 169
7 181
7 263
7 475
7 480
7 717
7 743
7 749
7 821
7 899
7 903
7 914
7 923
7 926
7 927
7 955
7 986
889 43
889 228
889 404
889 805
890 42
890 89
890 764
890 1057
923 23
923 51
923 111
923 148
923 153
923 267
923 303
8 165
8 424
8 983
924 894
9 12
9 54
9 57
9 111
9 152
9 153
9 24
9 30
9 51
9 82
9 121
9 183
9 263
9 486
9 682
9 749
9 845
9 929
9 935
9 938
9 978
9 981
9 984
9 985
9 988
9 995
9 1052
10 12
10 54
10 57
10 61
10 111
10 21
10 79
10 204
10 243
10 276
10 417
10 621
10 633
10 682
10 699
10 891
10 899
10 955
10 970
10 981
10 986
10 1024
10 1029
11 15
11 54
11 62
11 111
11 131
11 267
11 303
11 825
11 20
11 22
11 24
11 113
11 156
11 162
11 182
11 243
11 254
11 276
11 305
11 336
11 396
11 417
11 428
11 475
11 486
11 535
11 633
11 668
11 682
11 699
11 772
11 860
11 926
11 935
11 981
11 991
11 1029
11 1052
12 74
12 51
12 60
12 100
12 132
12 141
12 142
12 181
12 204
12 334
12 486
12 535
12 592
12 759
12 929
12 941
12 959
12 997
12 1009
12 1052
892 52
892 53
892 626
14 23
14 54
14 56
14 111
14 148
14 759
14 15
14 92
14 115
14 156
14 161
14 169
14 182
14 265
14 406
14 485
14 539
14 769
14 773
14 798
14 808
14 903
14 926
14 931
14 935
14 937
14 941
14 970
14 981
14 1014
14 1024
14 1040
925 158
925 168
925 182
925 438
925 675
13 23
13 24
13 61
13 111
13 150
13 153
13 760
13 60
13 83
13 110
13 142
13 151
13 162
13 203
13 229
13 243
13 254
13 485
13 575
13 592
13 673
13 707
13 759
13 827
13 891
13 930
13 985
13 1052
891 52
891 61
891 23
891 56
891 153
891 244
16 267
16 307
16 309
16 310
16 418
16 625
16 676
1067 374
1067 421
1067 833
1067 1052
1067 1068
1067 1069
1067 1070
15 51
15 62
15 101
15 825
15 24
15 96
15 221
15 243
15 305
15 428
15 442
15 475
15 480
15 682
15 759
15 772
15 773
15 893
15 926
15 927
15 930
15 999
17 910
17 1015
17 1041
926 56
926 113
926 759
926 825
926 1038
927 51
927 57
927 100
927 111
927 113
927 979
19 191
19 291
19 703
19 736
19 936
19 943
893 45
893 849
893 24
893 51
893 55
893 57
893 113
893 150
893 825
894 45
894 74
894 1012
20 22
20 24
20 55
20 101
20 760
20 825
20 681
21 22
21 23
21 24
21 25
21 26
21 743
21 977
895 29
895 45
895 629
22 57
22 153
22 267
22 51
22 113
22 182
22 284
22 302
22 323
22 428
22 541
22 551
22 603
22 633
22 773
22 798
22 860
22 931
22 941
22 990
22 991
22 1038
22 1040
896 61
896 57
896 63
896 111
896 131
896 149
896 287
23 56
23 113
23 287
23 290
23 495
23 496
23 30
23 44
23 95
23 99
23 100
23 120
23 139
23 229
23 243
23 302
23 345
23 417
23 480
23 673
23 749
23 773
23 804
23 819
23 899
23 903
23 904
23 931
23 984
23 988
25 200
25 439
25 846
25 1031
928 46
928 150
26 205
26 96
26 169
26 209
26 254
26 302
26 406
26 428
26 480
26 603
26 633
26 769
26 804
26 821
26 860
26 903
26 963
26 970
26 973
26 981
26 1014
26 1029
929 906
929 63
929 111
929 266
929 267
929 337
929 428
929 977
24 63
24 111
24 112
24 205
24 428
24 759
24 83
24 96
24 110
24 151
24 302
24 336
24 417
24 442
24 572
24 699
24 772
24 804
24 937
24 955
24 966
24 986
24 988
24 1037
24 1040
931 113
931 150
931 303
27 623
930 63
930 267
930 337
932 167
932 400
932 627
932 967
932 990
898 69
898 154
897 64
897 1010
897 1057
28 883
29 184
29 764
899 74
899 100
899 111
899 153
900 77
900 263
900 192
900 737
900 862
901 77
902 77
934 97
934 184
934 996
31 144
31 228
31 438
31 433
30 112
30 148
30 204
30 319
30 759
935 61
935 112
935 825
935 1019
903 80
903 150
903 303
937 100
937 153
937 319
937 969
937 1034
32 33
32 34
32 35
32 36
32 37
32 38
32 39
32 40
32 961
32 1054
33 525
33 77
938 57
938 58
938 61
938 113
938 148
938 428
938 1034
35 175
35 238
35 866
904 81
904 57
904 61
904 111
904 112
904 113
905 81
905 881
37 960
37 1057
939 69
939 173
939 292
939 623
41 625
906 85
906 427
906 831
906 1033
39 307
39 527
40 255
907 87
907 237
907 324
907 1057
42 461
42 851
43 83
43 653
43 293
940 84
940 1027
940 1008
45 44
45 414
45 662
45 712
45 677
45 718
45 1007
46 44
44 47
44 48
44 49
44 50
44 208
44 748
44 980
941 205
941 428
941 759
942 962
942 1020
942 1050
51 267
51 97
51 162
51 229
51 621
51 717
943 1035
944 108
944 155
944 200
52 304
945 769
945 814
945 875
53 91
53 233
53 778
53 798
54 113
54 673
55 352
55 465
55 606
55 607
55 608
55 609
55 610
55 611
55 612
55 613
55 141
55 142
55 221
55 335
55 417
55 603
55 633
55 772
55 959
55 970
55 973
55 978
55 986
56 88
56 470
56 471
56 472
56 473
56 474
56 475
56 476
56 477
56 478
56 83
56 96
56 132
56 142
56 203
56 221
56 621
56 668
56 699
56 804
56 827
56 915
56 963
56 986
56 988
56 995
57 58
57 99
57 336
57 338
57 345
57 532
57 61
57 83
57 95
57 100
57 101
57 169
57 183
57 427
57 480
57 486
57 539
57 575
57 652
57 673
57 773
57 804
57 959
57 966
57 978
57 986
57 1024
57 1037
946 910
946 278
946 1044
946 958
58 186
58 221
58 441
58 605
58 82
58 95
58 101
58 110
58 115
58 121
58 151
58 153
58 169
58 183
58 199
58 203
58 276
58 345
58 427
58 468
58 486
58 535
58 541
58 572
58 574
58 575
58 673
58 707
58 773
58 781
58 966
58 973
58 997
58 1012
58 1037
58 1040
947 910
948 910
949 910
950 910
951 910
952 910
953 910
954 910
955 910
955 337
955 825
956 910
957 910
957 166
957 435
957 731
59 675
59 747
59 814
59 815
59 816
59 817
59 818
59 819
59 820
59 533
59 601
61 60
61 287
61 82
61 83
61 92
61 110
61 111
61 113
61 115
61 141
61 147
61 181
61 182
61 345
61 480
61 535
61 539
61 673
61 717
61 749
61 827
61 966
61 1024
62 60
62 115
62 153
62 168
62 254
62 284
62 303
62 417
62 539
62 541
62 711
62 773
62 960
60 63
60 64
60 65
60 66
60 430
60 746
63 79
63 83
63 96
63 100
63 110
63 111
63 113
63 142
63 156
63 162
63 209
63 334
63 345
63 427
63 539
63 652
63 673
63 682
63 707
63 798
63 845
63 973
63 985
63 995
63 997
63 1024
63 1029
64 145
64 389
64 596
65 90
67 224
67 874
67 363
68 69
68 70
68 71
68 72
68 73
68 74
68 75
68 76
68 77
68 124
69 86
69 198
69 366
69 516
69 720
69 773
69 881
69 510
69 883
69 965
70 579
70 864
70 971
70 1011
71 972
71 994
71 1003
72 198
72 245
72 355
72 413
72 829
73 180
74 82
74 298
74 441
74 504
74 715
74 742
959 111
959 153
959 205
959 304
959 337
959 965
958 281
77 877
77 910
960 113
960 153
960 200
960 285
960 337
78 736
78 1050
961 706
961 870
79 100
79 150
79 266
79 311
80 121
80 160
80 351
963 205
963 267
963 303
964 913
964 1022
965 567
81 297
81 451
81 564
81 430
81 442
966 112
966 205
82 113
82 336
82 759
83 149
83 759
83 126
83 527
84 527
84 1021
968 190
968 206
968 462
968 573
968 1025
969 715
969 880
970 204
970 287
971 127
87 188
87 727
88 478
88 550
88 304
89 242
89 277
89 398
972 681
973 112
973 148
973 149
973 150
973 267
973 303
90 119
90 416
90 1050
974 460
974 735
91 710
91 716
92 109
92 205
92 825
92 819
93 114
93 431
93 875
93 548
93 718
94 748
94 881
95 204
95 266
95 267
95 337
95 759
95 97
95 191
975 626
975 1030
976 189
976 412
976 580
976 912
98 166
98 482
98 1054
96 150
96 337
978 113
978 205
978 267
977 170
99 100
99 101
99 102
99 103
99 104
99 105
99 106
99 107
99 284
99 335
99 541
99 851
100 111
100 112
100 148
100 147
100 181
100 229
100 265
100 293
100 353
100 621
100 749
100 769
100 773
100 804
100 988
100 1037
101 111
101 112
101 266
101 337
101 428
101 132
101 153
101 168
101 169
101 181
101 204
101 229
101 265
101 302
101 305
101 668
101 749
101 988
101 991
101 1021
101 1037
979 146
979 801
979 982
97 564
97 191
980 200
980 365
980 908
103 517
104 207
104 529
104 730
104 171
104 482
981 149
981 287
108 184
109 513
107 187
107 246
107 842
110 111
110 112
110 113
111 205
111 266
111 825
111 115
111 248
111 334
111 336
111 427
111 468
111 485
111 486
111 535
111 575
111 652
111 707
111 821
111 914
111 984
111 988
111 1024
111 1037
111 1052
112 142
112 162
112 168
112 182
112 254
112 406
112 468
112 485
112 539
112 592
112 652
112 707
112 759
112 798
112 914
112 984
112 1009
112 1052
113 148
113 205
113 266
113 120
113 153
113 168
113 169
113 243
113 303
113 396
113 541
113 652
113 798
113 808
113 821
983 250
983 287
984 148
115 114
115 148
115 759
114 116
114 117
114 118
114 119
114 120
114 121
114 122
114 123
985 148
985 204
985 337
985 428
986 303
986 825
120 149
120 304
120 428
120 847
121 131
121 267
121 303
121 759
987 200
124 125
124 126
124 127
124 128
124 129
124 130
124 1010
124 1028
126 333
127 130
127 231
127 616
127 841
123 576
123 744
123 745
123 746
123 747
123 748
123 749
123 750
131 132
131 133
131 134
131 135
131 136
131 137
131 138
131 139
131 147
131 149
131 203
131 209
131 302
131 303
131 468
131 541
131 717
131 749
131 769
131 827
131 839
131 915
131 995
131 1009
131 1014
132 148
132 153
132 303
132 304
132 800
989 415
989 642
989 679
128 401
130 283
130 450
130 500
130 259
133 390
133 493
133 1002
139 526
140 1026
140 1050
141 148
141 149
141 153
141 205
137 237
990 150
990 180
990 680
142 148
142 237
143 411
143 770
143 1049
991 205
991 287
991 303
991 825
144 349
144 217
144 430
144 706
144 792
146 251
146 548
146 434
146 765
146 1023
992 466
993 200
994 200
994 265
994 681
994 1000
147 148
147 149
147 150
148 151
148 182
148 229
148 485
148 682
148 707
148 759
148 804
148 910
148 995
148 997
148 1014
148 1052
149 153
149 203
149 652
149 749
149 798
149 827
149 860
149 995
150 489
150 509
150 209
150 229
150 259
150 305
150 396
150 603
150 625
151 152
151 153
152 254
152 303
152 335
152 668
152 717
153 285
153 290
153 495
153 496
153 181
153 183
153 303
153 334
153 621
153 798
153 804
153 819
153 821
153 1040
154 402
156 205
156 825
156 630
157 559
157 650
157 811
157 849
995 267
158 629
158 223
159 1048
159 516
159 533
160 319
160 1013
161 446
161 825
161 420
161 530
162 760
163 700
997 267
997 428
164 373
998 668
998 1047
165 435
999 257
999 588
999 604
1000 913
1000 216
1000 572
1001 913
167 711
166 781
166 864
166 1016
166 1027
1002 234
1002 877
1003 914
1003 398
1003 681
1004 914
1005 914
168 285
168 290
168 495
168 496
169 825
1006 607
1006 742
1007 875
170 171
170 172
170 173
170 174
170 175
170 176
170 177
170 178
170 179
171 187
171 424
171 679
173 466
172 1011
175 262
175 460
175 480
175 479
1008 310
1008 378
1008 494
1008 855
177 246
177 345
177 656
1009 287
1009 759
1009 825
1009 1036
180 184
180 247
180 561
181 759
181 760
182 825
182 623
183 249
183 350
184 404
184 414
185 446
186 432
188 212
188 213
188 214
188 215
188 216
188 217
188 218
188 1039
189 193
189 543
1010 354
190 566
190 705
190 850
191 206
191 207
191 208
191 209
191 210
191 211
191 339
192 837
192 838
192 232
192 1022
1012 264
1012 379
1013 264
1013 404
1013 491
1014 204
1014 287
1014 337
1014 428
1015 404
1016 211
194 195
194 196
194 197
194 198
194 199
194 200
194 201
194 202
194 839
197 221
197 347
197 504
197 531
197 802
197 822
197 565
198 295
198 696
199 200
199 285
199 286
199 287
199 495
199 674
200 912
200 303
200 335
200 579
200 735
200 910
200 915
203 204
203 205
203 831
1017 675
1017 753
1017 877
1017 912
1017 1018
204 288
204 427
204 507
205 339
205 342
205 394
205 395
205 396
205 397
205 398
205 399
205 400
205 334
205 345
205 475
205 485
205 535
205 798
205 827
205 1052
908 289
908 573
908 748
908 881
908 309
908 909
1019 696
1019 792
206 306
206 347
206 380
207 219
207 394
207 528
207 861
207 482
211 913
211 1051
211 1052
211 1053
211 1054
211 1055
211 910
212 219
212 252
212 526
214 461
215 469
215 789
216 223
909 278
909 537
217 301
217 607
217 761
218 514
218 727
218 761
219 220
219 221
219 222
219 290
219 507
219 571
220 255
221 266
221 303
221 337
221 232
221 437
221 744
221 1033
1020 519
1020 1032
1021 244
1023 293
223 224
223 225
223 226
223 227
223 228
223 229
223 230
226 418
228 841
230 396
230 586
230 636
230 1032
1024 266
1024 759
231 279
232 323
232 384
233 292
233 528
234 235
234 236
234 237
234 238
234 239
234 240
234 241
234 242
237 874
238 587
1026 451
240 317
243 244
244 606
244 668
245 701
248 268
248 329
248 330
248 331
248 332
248 333
248 334
248 434
1031 532
250 249
250 372
250 437
250 438
250 439
250 440
250 441
250 442
250 443
250 444
250 445
250 381
247 303
251 249
249 252
249 253
1033 269
255 256
255 257
255 258
255 259
255 260
255 261
253 387
1035 321
1035 399
1035 464
1035 1045
257 314
257 432
256 467
259 315
259 834
259 442
1036 845
1037 428
1038 289
1038 336
1038 345
1038 495
263 267
263 623
263 579
1039 1044
261 374
261 569
261 873
265 266
265 267
265 730
1041 389
267 858
267 334
267 427
267 449
267 535
267 827
267 860
267 914
1043 1054
266 406
266 486
266 535
266 539
1044 460
1044 489
1044 655
268 269
268 270
268 271
268 272
268 273
268 274
268 275
268 544
1045 532
270 561
1046 380
1046 629
1048 512
1048 867
279 280
279 281
279 282
279 283
279 571
280 504
280 808
283 289
283 550
283 845
284 285
284 286
284 287
284 288
284 289
284 290
285 303
287 438
287 467
287 513
287 541
287 915
288 417
289 573
289 772
290 602
291 464
291 881
292 423
294 593
294 646
295 296
295 297
295 298
295 299
295 300
295 301
296 869
297 504
298 387
301 410
301 607
301 713
302 303
302 304
302 545
303 337
303 480
303 603
303 804
304 491
304 468
304 575
304 673
304 749
307 308
307 823
307 1054
308 623
308 846
310 628
311 312
311 313
311 314
311 315
311 316
311 317
311 318
314 531
314 694
314 772
314 530
314 833
315 484
315 610
315 747
315 760
315 436
317 461
319 320
319 321
319 322
319 323
319 324
319 325
319 326
319 327
319 328
319 406
320 464
321 692
322 517
323 769
323 849
327 692
332 466
332 501
333 393
333 767
334 428
334 538
334 740
335 336
335 337
335 338
336 668
336 811
337 345
337 682
337 1052
339 340
339 341
339 342
339 343
339 344
339 345
339 346
339 538
339 826
345 417
345 528
348 879
349 570
349 843
349 381
350 413
350 549
353 354
353 355
353 356
353 357
353 358
353 359
353 360
353 361
353 362
353 730
354 380
357 504
360 555
362 814
362 834
363 364
363 365
363 366
363 367
363 368
363 369
363 370
363 371
363 372
364 547
365 587
367 576
372 501
373 374
373 375
373 376
373 377
373 378
373 379
374 548
377 489
377 494
379 700
910 512
910 412
910 717
910 874
910 875
910 911
380 381
380 382
380 383
380 384
380 385
380 386
380 387
380 388
380 389
380 390
380 391
380 392
380 393
387 514
387 689
389 574
389 657
389 768
391 574
392 594
392 668
396 825
397 484
397 740
397 741
397 745
398 530
399 462
399 778
399 830
399 831
399 832
399 833
399 834
399 835
399 836
399 693
400 693
401 402
401 403
401 404
401 405
401 406
401 407
401 408
401 409
401 410
401 411
404 517
406 454
409 437
409 795
410 710
412 433
412 449
412 841
414 561
414 730
415 751
418 419
418 420
418 421
418 422
418 423
418 424
418 425
418 426
419 700
424 487
424 636
424 751
427 428
427 429
427 430
428 825
428 674
428 772
429 914
431 497
431 744
433 462
433 841
434 859
434 528
434 815
435 511
436 683
436 684
436 685
436 686
436 687
436 688
436 689
436 690
436 691
437 713
437 469
438 499
438 537
438 913
441 742
441 844
442 549
442 568
446 447
446 448
446 449
446 450
446 451
446 452
446 453
446 764
454 455
454 456
454 457
454 458
454 459
454 460
454 461
454 462
454 463
457 517
460 548
460 839
460 846
460 1056
464 881
464 565
465 710
467 491
467 504
468 630
474 593
474 731
477 692
478 479
478 620
479 480
479 481
479 482
479 483
479 484
485 825
486 825
487 488
487 489
487 490
487 491
487 492
487 493
487 494
489 494
489 524
489 620
490 736
493 628
494 634
494 565
495 915
496 541
497 498
497 499
497 500
498 574
501 502
501 503
501 504
501 505
501 506
501 507
501 508
501 509
504 845
504 693
504 761
507 763
510 511
510 512
510 513
510 514
510 515
510 516
511 743
512 600
512 663
514 726
517 518
517 519
517 520
517 521
517 522
517 523
517 868
518 606
522 594
524 525
524 526
524 527
524 528
524 529
524 530
524 531
524 532
527 678
528 569
528 826
528 827
528 828
528 829
528 561
530 681
531 574
531 757
533 534
533 535
533 536
533 537
533 538
533 539
533 540
535 759
535 538
537 757
538 539
538 540
538 593
541 542
543 840
543 913
544 646
545 546
545 547
545 548
545 549
545 550
545 551
545 552
545 553
545 554
546 736
547 610
547 639
547 805
547 706
550 875
555 556
555 557
555 558
555 559
555 560
555 561
555 562
555 563
556 709
563 696
568 569
568 570
568 571
568 572
568 573
568 574
568 575
568 576
568 577
568 578
568 616
569 586
569 748
572 760
572 870
573 739
573 824
578 761
579 580
579 581
579 582
579 583
579 584
579 585
579 586
582 825
585 707
585 831
586 601
587 588
587 589
587 590
587 591
587 592
587 593
589 803
592 759
594 595
594 596
594 597
594 598
594 599
594 600
594 601
594 602
597 637
601 855
602 800
604 706
605 663
607 761
608 808
609 761
614 615
614 616
614 617
614 618
614 619
614 620
614 621
614 622
615 709
618 709
623 624
623 625
623 626
623 627
623 628
623 629
623 774
623 883
625 774
626 873
628 823
911 801
630 631
630 632
630 633
630 634
630 635
630 636
912 801
633 760
636 722
637 638
637 639
637 640
637 641
637 642
637 643
637 644
637 645
639 800
646 1056
647 648
647 649
647 650
647 651
647 652
647 653
647 654
647 655
650 879
652 759
656 657
656 658
656 659
656 660
656 661
656 662
913 836
1050 661
1050 708
661 679
663 664
663 665
663 666
663 667
663 668
663 669
663 670
663 671
663 672
675 674
914 854
914 726
915 834
915 825
676 674
677 674
916 851
678 674
679 674
680 674
681 674
682 674
692 693
692 694
692 695
692 696
692 697
692 698
696 824
696 716
700 701
700 702
700 703
700 704
701 703
709 839
709 847
709 848
709 849
709 850
709 851
709 852
710 711
710 712
710 713
710 714
710 715
710 716
717 811
718 719
718 720
718 721
718 722
718 723
718 724
718 725
718 726
722 830
727 728
727 729
727 730
727 731
727 732
727 733
727 734
727 735
734 875
736 737
736 738
736 739
737 852
739 845
742 793
751 752
751 753
751 754
751 755
751 756
751 757
751 758
759 798
759 827
761 762
761 763
761 764
763 836
765 766
765 767
765 768
765 769
765 770
765 771
765 772
769 825
770 883
772 825
774 775
774 776
774 777
774 778
774 779
774 780
781 782
781 783
781 784
781 785
781 786
781 787
781 788
786 826
787 826
789 790
789 791
789 792
789 793
789 794
789 795
789 796
789 797
789 798
789 799
792 813
798 825
800 801
800 802
800 803
800 804
800 805
800 806
800 807
802 852
804 825
808 809
808 810
808 811
808 812
808 813
815 819
815 853
815 854
815 855
815 856
815 857
815 858
815 859
821 825
1056 838
1056 878
839 840
839 841
839 842
839 843
839 844
839 845
839 846
856 870
860 861
860 862
860 863
864 865
864 866
864 867
864 868
864 869
869 873
870 871
870 872
870 873
876 877
877 878
877 879
877 880
877 881
877 882
